2 4 256 1000 1000 10.94 0.0109 91 91.40 1024 2-aws-E5-2666v3-32GB
2 4 10 5000 100 6.32 0.0013 792 79.17 40 2-aws-E5-2666v3-32GB Y
2 4 10 5000 1000 7.02 0.0014 712 711.85 40 2-aws-E5-2666v3-32GB
2 4 100 5000 100 4.17 0.0008 1200 120.04 400 2-aws-E5-2666v3-32GB
2 4 100 5000 1000 11.85 0.0024 422 421.78 400 2-aws-E5-2666v3-32GB
2 4 256 5000 100 7.15 0.0014 699 69.92 1024 2-aws-E5-2666v3-32GB
2 4 256 5000 1000 1024 2-aws-E5-2666v3-32GB Y
2 4 10 10000 100 12.22 0.0012 818 81.82 40 2-aws-E5-2666v3-32GB
2 4 10 10000 1000 15.22 0.0015 657 656.90 40 2-aws-E5-2666v3-32GB
2 4 100 10000 100 400 2-aws-E5-2666v3-32GB Y
2 4 256 10000 100 9.08 0.0009 1101 110.08 1024 2-aws-E5-2666v3-32GB
2 4 256 10000 1000 32.01 0.0032 312 312.35 1024 2-aws-E5-2666v3-32GB
2 2 10 100 100 0.84 0.0084 119 11.94 20 1-aws-E5-2666v3-32GB
2 2 10 100 1000 1.24 0.0124 81 80.82 20 1-aws-E5-2666v3-32GB
2 2 10 1000 100 3.05 0.0031 327 32.74 20 1-aws-E5-2666v3-32GB
2 2 10 1000 1000 2.86 0.0029 350 349.98 20 1-aws-E5-2666v3-32GB
2 2 100 1000 100 0.91 0.0009 1097 109.66 200 1-aws-E5-2666v3-32GB
2 2 100 1000 1000 200 1-aws-E5-2666v3-32GB Y
2 2 256 1000 100 9.11 0.0091 110 10.97 512 1-aws-E5-2666v3-32GB
2 2 256 1000 1000 10.71 0.0107 93 93.36 512 1-aws-E5-2666v3-32GB
2 2 10 5000 100 10.91 0.0022 458 45.84 20 1-aws-E5-2666v3-32GB
2 2 10 5000 1000 11.16 0.0022 448 447.89 20 1-aws-E5-2666v3-32GB
2 2 100 5000 100 3.13 0.0006 1597 159.75 200 1-aws-E5-2666v3-32GB
2 2 256 5000 100 512 1-aws-E5-2666v3-32GB Y
2 2 10 10000 100 21.39 0.0021 468 46.75 20 1-aws-E5-2666v3-32GB
2 2 10 10000 1000 23.53 0.0024 425 424.95 20 1-aws-E5-2666v3-32GB
2 2 10 10000 100

average average
0.0041 498



2 1 10 100 100 1.23 0.0123 81 8.13 10 local-i74600U-8GB
2 1 10 100 1000 1.03 0.0103 97 96.98 10 local-i74600U-8GB
2 1 10 1000 100 3.05 0.0031 328 32.77 10 local-i74600U-8GB
2 1 10 1000 1000 2.45 0.0025 408 407.61 10 local-i74600U-8GB
2 1 100 1000 100 1.34 0.0013 746 74.60 100 local-i74600U-8GB
2 1 100 1000 1000 2.01 0.0020 498 498.04 100 local-i74600U-8GB
2 1 256 1000 100 7.39 0.0074 135 13.52 256 local-i74600U-8GB
2 1 256 1000 1000 8.45 0.0085 118 118.34 256 local-i74600U-8GB
2 1 10 5000 100 10.71 0.0021 467 46.67 10 local-i74600U-8GB
2 1 10 5000 1000 12.67 0.0025 394 394.50 10 local-i74600U-8GB
2 1 100 5000 100 3.41 0.0007 1466 146.60 100 local-i74600U-8GB
2 1 100 5000 1000 10.36 0.0021 483 482.70 100 local-i74600U-8GB
2 1 256 5000 100 26.47 0.0053 189 18.89 256 local-i74600U-8GB
2 1 256 5000 100 10.21 0.0020 490 48.99 256 local-i74600U-8GB
2 1 256 5000 1000 33.54 0.0067 149 149.06 256 local-i74600U-8GB Y
2 1 256 5000 1000 33.87 0.0068 148 147.64 256 local-i74600U-8GB Y
2 1 10 10000 100 20.86 0.0021 479 47.93 10 local-i74600U-8GB
2 1 10 10000 1000 32.47 0.0032 308 308.02 10 local-i74600U-8GB
2 1 100 10000 100 6.93 0.0007 1442 144.25 100 local-i74600U-8GB
2 1 100 10000 1000 22.19 0.0022 451 450.58 100 local-i74600U-8GB
2 1 256 10000 100 10.06 0.0010 995 99.45 256 local-i74600U-8GB
2 1 256 10000 1000 14.14 0.0014 707 707.24 256 local-i74600U-8GB
2 4 10 100 100 0.65 0.0065 153 15.31 40 2-aws-E5-2666v3-32GB
2 4 10 100 1000 1.04 0.0104 96 96.24 40 2-aws-E5-2666v3-32GB
2 4 10 1000 100 2.05 0.0021 487 48.68 40 2-aws-E5-2666v3-32GB
2 4 10 1000 1000 2.07 0.0021 483 482.67 40 2-aws-E5-2666v3-32GB
2 4 100 1000 100 1.49 0.0015 672 67.25 400 2-aws-E5-2666v3-32GB
2 4 256 1000 100 16.16 0.0162 62 6.19 1024 2-aws-E5-2666v3-32GB							


